-4.908178, 4.773687
-0.145721, -3.265327
0.172608, -2.611317
-2.930874, 2.259396
0.685273, -2.979787
3.005149, 6.435031
4.570603, 1.490851
-1.249314, 4.442184
-2.315242, 0.831392
7.034731, 4.123330
-6.490716, 3.010889
-3.855958, -1.172452
-1.847946, -0.904207
-3.557787, 2.997095
2.033010, -5.502639
-6.389065, 5.249886
6.077903, 4.078722
4.488690, 1.430195
-4.740743, 4.093711
2.707960, -2.731628
5.352320, 4.584094
-4.506926, 6.770077
5.975075, 4.002761
-2.153297, -3.412671
-5.501162, 6.023322
2.182240, -4.099587
-5.198018, 6.095967
1.757203, -2.738932
0.588195, 0.246912
1.957700, -3.331043
3.828211, 5.396024
-4.649162, 5.493442
-1.637052, 1.459625
-4.517356, 1.434288
3.874033, 5.022662
5.494028, 5.698548
3.234848, -3.188661
3.508125, 1.966764
2.023350, -1.148928
-3.121430, -2.441403
-5.029911, 6.271935
1.609405, 0.447119
-3.220040, 2.464194
5.954312, 5.668751
-0.686800, 2.071897
0.123474, -0.011771
6.582860, -2.783441
-3.542300, -0.495626
-5.867549, 8.148645
0.345366, 2.992471
