-4.908178, 4.773687
-0.145721, -3.265327
0.172608, -2.611317
-2.930874, 2.259396
0.685273, -2.979787
3.005149, 6.435031
4.570603, 1.490851
-1.249314, 4.442184
-2.315242, 0.831392
7.034731, 4.123330
-6.490716, 3.010889
-3.855958, -1.172452
-1.847946, -0.904207
-3.557787, 2.997095
2.033010, -5.502639
-6.389065, 5.249886
6.077903, 4.078722
4.488690, 1.430195
-4.740743, 4.093711
2.707960, -2.731628
5.352320, 4.584094
-4.506926, 6.770077
5.975075, 4.002761
-2.153297, -3.412671
-5.501162, 6.023322
2.182240, -4.099587
-5.198018, 6.095967
1.757203, -2.738932
0.588195, 0.246912
1.957700, -3.331043
3.828211, 5.396024
-4.649162, 5.493442
-1.637052, 1.459625
-4.517356, 1.434288
3.874033, 5.022662
5.494028, 5.698548
3.234848, -3.188661
3.508125, 1.966764
2.023350, -1.148928
-3.121430, -2.441403
-5.029911, 6.271935
1.609405, 0.447119
-3.220040, 2.464194
5.954312, 5.668751
-0.686800, 2.071897
0.123474, -0.011771
6.582860, -2.783441
-3.542300, -0.495626
-5.867549, 8.148645
0.345366, 2.992471
-4.420414, 1.632019
3.985322, 5.379768
-1.607947, -0.680030
1.459951, 1.809473
6.618583, -1.957995
-5.732768, 6.718097
-5.426073, 5.056746
-2.054500, -0.843346
1.648526, -2.540583
2.922450, 0.468232
-5.480100, 5.559860
1.527482, -3.364035
3.168313, 1.284329
-4.107278, -0.230122
-3.194444, 0.442843
-6.144052, 5.515998
3.780777, -0.287682
0.732298, 2.469301
-6.284724, 3.468298
0.932283, 0.560457
2.651383, 6.408689
0.510805, 2.067183
-4.408277, 7.422852
6.104270, 4.087719
0.281482, -3.091850
5.387154, 3.430639
1.744408, -3.024900
1.090172, -0.797842
3.438528, 5.090836
5.589974, -3.322506
0.171202, 1.735960
1.572422, -3.025396
2.270913, -4.040795
2.781506, 1.580266
1.558622, 1.638651
-4.495114, 7.207157
1.384991, 0.572230
2.574935, -3.550472
-5.728316, 4.819862
-3.104471, 9.355298
0.066810, 2.206890
-6.686971, 3.574694
6.258877, 5.648173
-1.028137, -3.088768
-5.242984, 6.199634
2.042570, 2.431616
-3.544855, 8.369736
2.275766, 5.606952
-0.434730, -2.604714
0.525310, -3.026013
5.347202, 5.574522
-4.252588, 4.952293
-0.171098, -1.238812
-5.225910, -2.049948
1.847481, -3.387737
1.851419, -3.441366
1.575096, -2.884714
-6.127396, -1.363353
1.262805, 4.623568
0.648082, -3.872090
7.321962, -2.453856
-5.100317, 7.367752
-2.827242, -0.121316
1.640933, -3.189949
-3.669093, 2.194222
3.158324, 5.143921
4.288504, 4.379196
-5.252826, 5.130455
-7.077374, 2.811792
-3.227318, 1.381269
4.004244, 4.157554
4.995944, 4.135733
1.211509, -3.222193
-3.392556, 1.776972
2.591654, 7.329086
3.476654, 5.963959
0.415623, -3.095002
-1.697801, -3.535913
0.820635, -1.002466
4.328392, 5.400670
3.112715, -3.014977
3.854281, -2.768925
5.201878, -1.211714
-5.120652, 2.258012
3.147286, -2.619470
-2.294902, -1.221563
-1.026921, 0.565258
-3.161778, 1.586494
5.779307, 4.908002
-1.422753, 0.463006
6.052909, -0.449022
5.440480, 5.219587
1.897147, 1.857245
0.621255, 4.070859
3.562091, 5.505757
-5.232882, 4.025889
6.780854, 3.923604
3.317129, 5.813668
4.408733, -3.168456
-0.917252, 3.961865
-5.676658, 0.931809
-1.378315, -3.430737
-0.638027, 2.818778
7.016018, 4.542100
-4.612962, 4.877543
-2.190548, 1.428977
5.547333, 5.904711
4.919995, 0.899370
4.932653, 4.635097
-4.300997, 6.462281
5.598166, 4.795933
2.873111, -3.531520
-4.821737, 0.466518
0.727335, -3.332102
2.974838, -2.154096
-0.655511, -2.129415
6.143626, 3.471870
4.755040, 6.362288
6.253411, 3.971026
7.126585, 4.098531
6.993319, 2.002040
1.381754, -3.124962
0.851471, 4.272688
5.651518, 5.358185
-0.974888, 1.014243
-3.955032, -0.548483
4.399279, 5.777173
-2.463881, 3.731678
3.511518, -2.891708
-0.358278, 2.327445
1.958476, 1.825953
5.436924, 4.239898
-2.868238, 4.601203
-1.041486, 0.325777
2.032191, -2.735951
-2.754319, -1.833642
-4.519043, 3.838508
5.935039, 3.940057
-6.119813, 4.494027
-6.433666, 5.198526
2.525309, -2.615747
-6.407809, 5.793505
5.861457, 3.751203
-0.481276, -0.277827
4.400399, 5.216203
5.377017, 5.477580
3.691481, 6.973444
-3.659535, -2.610946
-3.951054, 4.944366
0.011931, -2.552632
4.453882, 7.604016
7.133012, -3.032858
-5.147488, 6.476892
4.155510, 6.020966
-5.324510, 4.012192
-1.996049, 1.447073
3.290099, 1.267727
3.823497, -3.028349
4.666027, 3.937721
0.787961, -2.923958
-6.136801, 1.621342
4.591464, 6.103976
6.765837, 2.523664
5.169201, 5.109317
1.731624, 0.353921
1.613075, -3.537444
7.019794, 4.344585
5.528079, 4.625265
3.755724, -2.840222
1.929609, 0.611521
4.027996, -3.326103
3.023924, -2.891865
5.591971, 5.285615
0.624116, -3.012627
4.620075, 5.175023
-4.079646, 5.973452
-3.053986, -0.844286
3.186001, -0.873640
4.688679, -2.863760
3.615414, 0.439419
3.724028, 6.297964
1.108948, 2.543578
-4.287004, 6.214340
2.956181, -3.321026
-3.506077, 2.080320
4.205615, -2.893486
6.817158, -0.466994
4.074542, -3.086299
3.325662, -2.608185
4.352796, 5.748029
3.450239, 6.962526
-3.883622, 5.790090
-2.352021, 2.619192
-5.789047, 7.193963
-4.033339, 4.703917
-2.391705, -4.786946
1.531037, -3.196712
-1.531143, -0.300112
-3.442116, 6.761492
-7.571761, 1.426703
-1.757075, -2.621119
-0.677270, 0.640078
-1.155720, 2.408107
0.489247, -3.018845
4.338853, 1.045840
-3.197608, -1.689429
-5.995921, 0.358060
4.700110, 5.045479
4.899157, 3.948823
0.497595, -0.727284
0.323845, -2.640288
3.182143, -3.249838
-3.222806, 2.487987
-0.693854, -3.696259
6.135529, 4.590931
4.825857, 5.217163
1.205816, -3.342250
5.253278, 5.029125
-4.379603, 4.915509
6.379588, 3.499886
-3.862369, 4.080437
4.774166, 5.406873
-5.379042, 5.821490
4.812244, -2.945184
3.309084, -2.820220
4.823529, -3.370780
-1.939758, -2.581893
5.666453, 3.812646
2.362988, 1.904196
4.592560, 4.854630
3.107379, -3.327925
1.677328, -0.824798
4.518510, -3.381636
1.716811, 0.601078
2.571479, -3.412593
4.755607, 5.247258
0.154117, -2.146642
-2.553685, -3.447782
5.504956, -3.148209
2.534299, -3.416008
5.159227, -1.854079
-0.215071, -2.192975
-3.694473, 2.272113
-5.308934, 3.409403
-5.228216, 8.269625
0.699236, 1.736115
2.173824, 1.916451
4.112110, -3.359572
0.727946, 1.961878
3.602463, -2.734547
-1.047200, -3.300408
2.480892, 7.029922
5.543436, 5.303091
0.390850, -2.473586
1.456110, -0.663876
-6.380470, 5.686876
-4.201782, 4.511164
-3.521723, 2.023916
5.575843, -2.502680
-0.906975, 0.304037
-4.773086, 5.885173
4.816791, 5.552427
0.216486, 2.503028
-1.511686, -0.329303
-4.248491, 5.100603
-4.645742, 6.184669
-6.819292, 5.182873
-5.211422, 6.643852
5.900721, 4.222265
-4.240074, 0.967319
1.240625, -2.542338
3.632406, 2.101956
-0.531192, 4.759671
-2.079931, 1.593895
-2.653098, -5.065473
4.001213, 6.760188
0.032296, 0.874905
5.204932, 4.552588
4.013422, 5.190489
2.597470, -3.677580
6.556969, 6.107944
1.019655, -2.000194
-0.035960, 3.876465
-0.880663, -0.435386
1.124346, 6.369143
3.828317, 0.357916
7.599017, 3.111274
3.027001, -3.032868
-4.692395, 4.526105
-3.948487, 4.874380
4.834505, 4.631588
-5.302671, 6.691199
2.699754, 2.145430
-5.644664, 1.834870
4.505797, -3.018187
-4.999230, 3.132698
1.723708, -2.609220
0.460206, 0.526836
4.998039, 8.041745
6.064752, 4.921858
-4.580579, 6.071392
5.184439, -0.155544
-4.685075, 7.203642
-1.006284, 1.887129
5.991817, 5.728881
4.962208, 4.193927
0.276809, 0.123024
2.698738, 6.365026
4.266359, 5.617213
-3.791939, -0.835523
4.619384, 5.615406
-1.388016, -1.094784
3.424055, -3.058939
-4.736454, 0.799396
3.716054, -1.809587
-0.368193, 3.662181
-4.714679, 4.863214
4.415837, 6.043527
-2.588093, -3.665791
-0.262115, 6.342973
5.781854, 4.869912
5.287750, 5.094210
-1.717751, 5.856161
1.505524, -4.537763
-6.391964, 3.707846
-5.746372, 1.270482
4.878730, 4.802182
4.101223, 4.019142
-5.472112, 7.155253
2.066822, -3.077127
0.617248, 3.482013
-2.199102, 3.079279
-5.781600, 5.116228
-7.559514, 0.642416
7.130554, 3.870784
0.862305, 6.264643
-5.241217, 7.632314
4.470584, 3.538749
4.125759, 5.955279
3.645686, -2.806934
-1.876722, -1.637370
3.808507, 4.687362
-0.546347, 0.853838
2.644528, 0.512024
-4.675914, 3.970288
1.298328, -3.016814
-1.787862, -0.339189
1.263084, -3.364940
-0.736262, -3.472606
5.637840, 4.252088
-4.720129, 8.309929
-4.520818, 2.313785
-4.300041, -5.012243
4.398354, 6.566685
6.224212, -3.324547
-1.270100, 2.587117
4.885780, 5.185220
-2.813786, 0.116127
-6.091525, 4.893501
4.705299, 1.704738
3.728810, 4.838597
-2.876439, 1.592050
5.464483, 3.011641
1.722554, 4.418588
-5.164799, 3.624304
2.370078, -1.216540
-6.191173, 5.508508
2.181713, -2.343201
0.596933, -1.632700
-3.869956, 9.158979
5.346334, -2.639165
4.986164, 5.640676
-1.623273, -0.535007
6.519248, 3.250778
-6.055445, 6.456121
4.250769, 5.363843
-2.053873, -1.394728
2.692178, 0.794301
-5.888269, 2.241979
-5.216185, 7.601766
2.369132, -2.017980
4.113248, 5.323662
1.155491, 4.010113
-2.009478, -3.455438
1.750946, -3.444731
1.262837, -3.388697
-2.472378, 5.337972
0.714255, -2.834409
1.113182, -3.021095
2.903343, 5.506170
4.723905, 5.469217
5.291036, 6.091613
-1.293600, 2.110454
-0.779190, 1.909231
2.815608, 5.947793
6.826903, 4.756254
4.414812, 7.076953
0.670033, 4.205674
-2.713197, 1.525263
0.434179, -3.204717
-0.503386, -3.350068
4.508217, 6.292226
4.820651, -2.976576
1.272527, -4.008661
-1.837323, -2.516594
0.386283, -2.543048
0.316056, 1.577590
1.000038, -3.764264
5.596034, -3.584869
3.805542, 6.641073
4.083822, 4.565503
-4.914263, 6.496194
5.476601, 4.930062
1.988007, -2.500098
0.953541, -1.458003
-5.508706, 3.593295
2.332130, -0.236101
-0.011813, -0.827778
-4.856890, 7.517304
-0.889442, 1.141026
-3.777907, 2.111751
-0.729674, -3.021260
-3.907679, 3.993373
-1.308715, -2.356662
3.666882, 6.035119
-0.271727, -2.835880
-0.343192, -2.726565
-7.123577, 6.102471
-0.333523, 3.832012
-3.847986, 5.650234
-3.127424, -0.049766
-1.338861, -3.074619
2.240933, 2.170713
0.834203, -3.116038
-0.165120, -3.987325
-3.990787, 1.265753
3.409575, 5.181293
-4.456216, -0.922846
3.770635, -3.480005
4.368769, 5.759406
-0.387487, -0.696796
4.232751, 6.786586
3.626750, -2.711074
4.637214, 5.683666
-1.383766, 2.649410
0.892821, -3.129546
-0.860521, -2.874028
-4.877611, 8.539568
2.321529, -2.979599
-4.389482, 8.573103
-2.675652, -0.781580
5.274228, 5.832820
3.750666, -2.809228
-2.056713, 2.121207
3.342948, 5.439415
3.716598, -0.660852
0.682164, -2.999196
-5.173332, 4.966507
4.464878, 4.960103
1.700542, -3.404672
-4.403214, 4.631283
1.877938, -3.602107
-5.418360, 6.154840
4.879447, 4.970389
-1.764135, 0.747423
6.194085, 5.037091
4.584122, 5.190948
-5.579037, 3.102362
4.266443, -3.169983
-4.377494, 7.950198
0.591639, 4.596100
-5.253309, 4.554377
2.963629, 3.064972
2.647770, -2.933862
0.852136, -3.090062
-5.417515, 3.625174
5.417835, 5.710206
5.249830, 5.147148
-5.647385, 6.066818
-1.739081, -2.678639
-1.320428, -3.227655
4.889441, 4.082255
4.096220, 5.799519
-4.205391, 8.241966
-6.048473, 5.497489
-6.347838, 4.296863
4.035275, 6.251268
-2.624536, -1.141703
-5.952601, -1.241781
-2.300009, 1.995315
-4.499209, 7.582727
-0.919373, 3.889213
2.028213, 2.233514
5.383810, 4.001068
5.251124, -2.766393
-0.140787, 0.610509
-4.099448, 6.867910
2.422784, 0.094274
-4.215417, 6.495233
-4.042426, 2.883507
0.978224, -3.059754
0.963083, -2.728133
-5.311206, 3.698852
-2.002001, -2.773869
-6.131981, 5.794192
-3.742453, -1.706930
5.113078, 4.906205
2.424500, -2.983671
-3.748373, -1.340889
-1.437520, -1.828492
1.529586, -2.168768
-6.207843, 3.180600
-7.128732, 3.389333
2.943620, -1.080108
5.367480, 3.920597
2.252501, -2.509842
-2.708538, 0.237483
-6.268102, 1.585843
0.746005, -2.808005
5.282215, 4.980002
-1.894176, -5.297301
5.320356, 6.001274
-5.798634, 4.287611
-1.629772, -2.303015
-1.674554, 0.403577
-5.265463, 4.963500
1.711798, 2.225069
-3.849883, 3.040249
2.471155, -1.664872
2.920815, 2.325989
-5.168143, 1.985631
1.602797, -2.781269
-3.248886, -0.279249
-0.673694, -2.668891
5.089207, 6.133613
7.211231, -2.977650
4.380622, -3.110565
3.859887, 3.952926
-2.863554, 4.065776
3.245088, -3.263983
1.915134, -2.578553
3.880984, 5.883272
1.506984, 3.394170
-0.776874, 3.008616
-5.042241, 2.044513
-4.072251, 3.340937
5.591307, -2.059977
4.570664, 4.941075
-1.051554, -5.258734
4.724368, 4.243441
-5.098718, 6.418250
-0.425310, 5.086265
3.058021, 7.499798
-0.468039, -3.517499
-1.638249, -0.870723
5.695862, 3.934921
-5.197773, 5.393026
-0.123523, -4.119879
3.871136, 5.428368
4.422592, 6.029964
0.694201, -1.582716
-0.365499, 0.022283
-3.785350, 0.731565
2.649777, 0.733509
4.715088, 0.835660
-1.609831, -2.864226
5.013008, -2.530192
3.197123, -1.916891
2.143957, -2.981371
-0.560112, -0.155321
3.493071, -3.460064
5.873427, -3.339077
5.935967, 1.481369
1.286156, 1.564906
2.120134, 7.144720
-0.112056, -3.217016
6.106775, 5.393373
-5.998778, 5.452445
-5.822466, 8.642965
4.374105, 4.308655
3.704973, 6.099017
-0.101723, -2.715019
-3.873694, 0.364425
0.859100, 2.680446
-4.511094, 4.674863
-1.730569, 1.615108
-2.750508, 7.202805
4.233750, 6.267102
4.756681, 3.869219
-2.085476, -0.058438
-4.126568, 5.223103
2.789358, -0.818390
-1.328014, 4.819884
-0.943556, -2.571511
1.837347, -2.699163
-5.911019, 2.379058
-5.462482, 6.209923
-4.269301, 8.063528
2.441496, 2.103962
-3.506076, 1.400568
-4.775844, 6.622789
-1.647826, -0.957485
-3.864760, 7.029198
-2.626102, 3.361393
0.997678, 4.562389
-2.355243, 1.477139
-2.637170, -0.028824
0.155638, 0.069644
-0.806321, -3.475841
0.321549, -0.041375
-1.512145, 2.459050
-1.238451, 0.006006
-7.819015, 4.927227
-2.485168, -3.585144
3.154043, -3.437047
5.588501, 4.439296
-2.745496, -2.951564
-2.436471, 1.965718
-1.887604, -1.350264
-3.644377, 7.724530
-1.417174, 3.777819
-4.375208, -3.173698
-1.840587, -0.713009
-1.119301, 0.252047
4.299285, 5.109211
-3.858751, 3.668892
2.920278, 5.639056
-0.052982, 0.633309
-4.409268, 3.421502
-1.303652, -4.198230
1.035983, -2.750417
0.269556, 0.094537
7.581589, 2.138426
5.179298, 5.325970
5.570607, 5.100978
5.458775, -1.431317
2.340811, -2.922924
-0.778388, 4.818012
-5.824914, 4.991452
-3.526349, 5.143368
-2.322320, 0.697375
1.565526, -2.620009
-0.043212, -2.754517
-1.218619, 5.616326
1.415226, 3.379808
-5.348062, 2.607882
-2.786801, -0.060229
-0.402619, -0.273134
-5.819602, 5.159522
-0.658172, -1.333382
6.240310, 4.122420
-0.193481, 4.090956
-2.558372, -3.181710
3.573101, 0.777270
-1.875014, -2.773142
-6.173853, 2.462648
4.014139, 5.108238
-0.449031, 2.764950
-5.413950, 5.812273
4.247193, 4.929831
0.629123, -3.906533
-1.714642, -2.280155
6.790285, -3.012681
3.724172, 0.352096
2.618687, 6.286011
-4.478423, 5.244556
-1.736398, 2.953537
-4.001465, 2.574915
6.223948, 4.363322
-4.054937, 0.173464
-4.971096, 3.751072
-0.633123, 5.472675
-4.599664, 3.451655
0.759593, 0.279068
-0.436210, 1.146889
-3.247139, -0.467847
1.100729, -1.010049
-6.011750, 5.872632
-3.441844, 4.470781
-3.270993, 6.469203
-0.683486, 0.911699
-2.082573, -1.683434
-3.969767, 3.131073
4.042702, 6.894612
0.507673, 0.588801
0.229412, -0.790273
0.677705, -2.681234
-1.185131, 0.412778
6.599700, 3.484959
-1.760522, 1.987254
-0.189320, 1.442779
-1.232624, -1.108470
5.537623, 4.418953
-3.253400, 4.493237
6.081098, 5.179368
-3.537094, 5.664205
-3.717201, 4.473400
3.478292, 6.286369
3.164792, -2.986706
3.549796, -2.941649
3.440775, -1.692782
-6.065722, 4.866580
1.378063, -2.789808
3.910200, 6.595935
3.865634, 6.593262
5.060963, 6.598774
3.428899, 4.667031
-0.258126, -0.418275
-4.576615, 5.915531
-2.395520, 0.692166
3.434403, 4.635263
6.452599, -3.199565
1.993854, 4.267704
4.871447, 5.645744
-4.424787, 4.392777
-4.175354, 6.128240
-0.366217, -1.593066
-1.052351, 2.096703
4.594403, 5.768355
3.897468, -3.097391
4.276633, 5.352673
3.225038, 6.566275
-5.676813, 2.576814
-2.447273, 5.231872
4.673387, 6.137605
-5.396844, 3.171158
0.186676, -0.016926
-1.234139, 2.309158
6.654079, 4.489254
-2.701439, 0.518324
5.914585, -0.240440
-7.230989, 5.813664
0.598636, 1.086088
0.611377, -0.154159
-1.664934, -2.945418
-5.516220, 4.049900
1.442514, 0.272482
2.405375, -3.217012
-1.364316, 1.261239
5.446262, 5.645225
-0.288313, 0.481213
-1.275769, 1.208197
1.281184, -3.103163
-5.021546, 6.249446
-5.060934, 1.259960
-1.872507, -0.105236
1.816395, 1.649460
1.914673, 1.862642
-5.530096, 5.457301
-0.456472, -0.678049
-5.236695, -2.819817
-4.344651, 3.804809
5.257187, 4.444860
4.462490, -2.663548
2.313138, -3.276257
-1.545017, 1.246545
5.819868, 4.902838
-1.369975, -0.149632
0.030709, 2.403669
-2.227900, -0.294485
4.970545, 5.713893
5.859565, 4.631228
-5.180867, 0.111080
3.085118, 2.015973
1.891858, 1.877307
4.952901, 5.327570
1.844920, 1.554264
-2.881552, -0.061624
6.354794, -2.747817
4.683306, 4.640850
3.599080, 5.547355
-3.735073, 0.817129
2.449403, 0.874192
1.434327, -0.443738
3.945544, 1.781233
-4.025727, 7.419951
-5.088140, 6.589459
0.780428, -3.059201
6.847658, 3.458903
-4.921978, 4.547915
-5.797395, 5.798836
1.710433, -3.609376
3.869200, 0.981580
-2.625911, -0.984696
-1.847787, -5.862992
-4.762566, 2.322263
1.673627, 3.393723
-0.627323, -0.591774
3.642961, -3.814786
4.394698, 4.953605
-4.309511, 6.516080
-0.112848, 6.801623
2.715914, 1.216994
3.812038, 0.124170
-5.447531, 4.163025
6.310174, 4.265367
2.771251, 1.274276
-0.831308, -0.292195
2.058259, -2.487669
-0.658235, 2.942757
0.381489, -1.673010
-3.176955, 2.411769
-0.633710, 3.025562
-2.795285, -2.512268
-3.295472, 3.216205
-3.739615, 5.801168
3.174121, -3.415147
4.878521, -1.953606
-5.631485, 1.887643
-4.709228, 3.937602
-0.177745, 0.594771
5.194570, 3.334577
-1.084830, -2.058598
2.273191, -0.144950
-2.815396, 4.009607
4.722482, 5.533464
-5.074109, -0.715629
-2.769614, 3.704538
6.877472, 3.278438
3.944799, 5.648307
-4.965589, 4.839349
2.540130, -3.194624
-2.776953, -0.434414
-0.960303, 5.356198
3.722689, 4.735417
6.409543, -3.068547
-5.314913, 3.853314
0.387757, -3.682830
3.939146, 4.233334
-3.064881, 2.078672
-3.507469, 5.536731
4.599233, 0.581561
-2.632023, 2.874296
1.396125, -3.309808
1.573919, -1.304842
3.006710, 3.165590
-0.557430, -2.615937
4.000510, 1.505952
4.450065, 5.058450
1.413746, -1.475561
-5.485236, 4.565114
-6.324011, 3.155268
-3.419575, 5.025628
5.708651, -3.167354
-4.390573, 0.832564
4.936697, 3.380363
-6.279666, 3.609874
6.318853, 5.409838
2.360214, -2.715077
4.241196, -1.349710
5.176716, 5.128289
-5.121290, 2.336069
0.877465, 3.727582
1.257037, -2.891468
-0.158491, -2.986106
4.775625, 4.036451
-2.884283, 2.548586
0.878894, 0.224196
-5.438516, 5.648076
6.624267, 1.331213
-4.650587, 6.655296
2.127412, -3.228022
1.817122, -2.253163
-0.287589, 4.124143
1.053258, -2.684922
3.596455, -3.279052
5.841280, -3.564661
-4.720638, 4.300940
-3.193686, 9.463720
5.844034, 4.624682
4.008742, -2.951469
5.303820, -3.310762
4.511331, 6.166668
5.176459, 5.149004
5.290325, 5.523978
1.519154, 0.048197
1.661639, -3.079705
4.514879, 6.732996
-6.629640, 3.400930
2.338978, -0.042721
5.133636, 5.932964
-5.398328, 5.991378
3.208281, -3.652115
4.426883, 5.177619
5.844467, 5.816755
3.258061, -3.248453
-0.619715, 1.187714
1.190826, -0.594906
1.351414, -2.830436
-4.017725, 7.029389
1.495117, -2.662023
-5.894194, 3.158269
0.837039, 5.275810
7.233306, 5.087791
0.349057, -3.594864
1.498108, 1.636302
-2.824784, 3.379736
2.925749, -2.618457
5.400169, 3.767743
-4.534789, 8.772247
4.246099, -3.483931
-3.069869, 0.337072
3.752682, 3.077102
4.455038, -3.242281
5.260665, -2.545125
4.672520, 5.161449
-4.566636, 5.513859
3.927055, -2.826796
-2.164913, -3.497965
-3.760921, 9.970227
-0.396253, -1.512844
5.311847, 1.295651
-4.965400, -1.045124
0.214259, -0.094950
-2.241240, 2.425062
-5.289745, 0.290498
5.730393, 3.830535
2.194337, 0.529563
-3.821975, 6.783874
5.140658, 0.549298
4.487451, -2.664956
1.312449, -1.452903
-1.993560, 4.281965
-2.520130, 1.698215
-5.829148, 8.448932
0.580199, 5.014519
0.403483, 1.347473
1.844241, -1.625269
-0.910095, -2.543608
-1.299976, 3.666704
-4.537170, -1.976609
4.498755, -3.219804
7.215664, -1.325586
-4.065048, -0.193321
6.338158, 0.190227
-0.430778, -0.006582
6.524789, 4.940904
-2.392783, 1.266390
-0.022567, -3.152576
3.303310, -2.378509
4.000868, 1.477078
-4.371208, 6.142303
-1.754360, -2.302938
-5.297209, 3.965992
-2.790680, 1.969032
-5.927171, 4.733112
-3.896201, -2.776377
-3.863067, 3.706829
-3.497590, 0.324150
7.155581, 0.390189
